[[  9.79465220e-001   2.86868360e-004   1.27960406e-015 ...,
    1.24316931e-189   6.92020870e-248   5.86688303e-314]
 [  1.20643974e-001   9.16965621e-002   1.06145063e-009 ...,
    1.21373368e-166   1.75333985e-221   3.85751947e-284]
 [  5.60358557e-001   6.65123938e-003   1.20237095e-012 ...,
    1.27704982e-178   2.88097633e-235   9.89853372e-300]
 ..., 
 [  4.35166203e-298   8.21306265e-234   2.36077413e-177 ...,
    2.54853637e-012   9.14189215e-003   4.99436957e-001]
 [  0.00000000e+000   2.52521217e-288   3.54332557e-225 ...,
    1.06039304e-026   1.85684652e-010   4.95204374e-002]
 [  8.15208316e-322   7.18287324e-255   9.61258342e-196 ...,
    2.27007186e-017   3.79120685e-005   9.64305580e-001]]
[[  1.00225432e-001   4.76528542e-005   1.73016008e-016 ...,
    2.61823019e-190   1.54973390e-248   4.05962288e-315]
 [  1.23450983e-002   1.52320838e-002   1.43519356e-010 ...,
    2.55623602e-167   3.92648592e-222   2.66923241e-285]
 [  5.73396354e-002   1.10486406e-003   1.62573275e-013 ...,
    2.68958569e-179   6.45175151e-236   6.84934637e-301]
 ..., 
 [  4.45291164e-299   1.36430479e-234   3.19201643e-178 ...,
    5.36745462e-013   2.04726487e-003   3.45588226e-002]
 [  0.00000000e+000   4.19473125e-289   4.79095110e-226 ...,
    2.23328636e-027   4.15828210e-011   3.42659466e-003]
 [  8.39911598e-323   1.19317589e-255   1.29972299e-196 ...,
    4.78098247e-018   8.49015114e-006   6.67256698e-002]]
[[  1.02365872e-001   4.57681809e-005   1.73412781e-016 ...,
    2.52414552e-190   1.45447651e-248   4.24199935e-315]
 [  1.26087434e-002   1.46296540e-002   1.43848485e-010 ...,
    2.46437908e-167   3.68513687e-222   2.78914630e-285]
 [  5.85641955e-002   1.06116662e-003   1.62946100e-013 ...,
    2.59293691e-179   6.05518213e-236   7.15704972e-301]
 ..., 
 [  4.54800917e-299   1.31034645e-234   3.19933660e-178 ...,
    5.17457810e-013   1.92142578e-003   3.61113599e-002]
 [  0.00000000e+000   4.02882937e-289   4.80193807e-226 ...,
    2.15303444e-027   3.90268525e-011   3.58053266e-003]
 [  8.89318163e-323   1.14598571e-255   1.30270361e-196 ...,
    4.60918049e-018   7.96828759e-006   6.97232860e-002]]
[[  1.02177117e-001   4.61118890e-005   1.73132544e-016 ...,
    2.53387922e-190   1.46540948e-248   4.20823761e-315]
 [  1.25854938e-002   1.47395192e-002   1.43616025e-010 ...,
    2.47388231e-167   3.71283720e-222   2.76694771e-285]
 [  5.84562073e-002   1.06913573e-003   1.62682777e-013 ...,
    2.60293588e-179   6.10069755e-236   7.10008734e-301]
 ..., 
 [  4.53962296e-299   1.32018684e-234   3.19416643e-178 ...,
    5.19453249e-013   1.93586870e-003   3.58239525e-002]
 [  0.00000000e+000   4.05908492e-289   4.79417808e-226 ...,
    2.16133705e-027   3.93202084e-011   3.55203549e-003]
 [  8.89318163e-323   1.15459179e-255   1.30059843e-196 ...,
    4.62695458e-018   8.02818339e-006   6.91683640e-002]]
[[  1.02310404e-001   4.59925814e-005   1.73128536e-016 ...,
    2.53047632e-190   1.46182217e-248   4.22792838e-315]
 [  1.26019112e-002   1.47013829e-002   1.43612700e-010 ...,
    2.47055997e-167   3.70374822e-222   2.77989453e-285]
 [  5.85324618e-002   1.06636950e-003   1.62679011e-013 ...,
    2.59944024e-179   6.08576311e-236   7.13330936e-301]
 ..., 
 [  4.54554478e-299   1.31677105e-234   3.19409249e-178 ...,
    5.18755642e-013   1.93112971e-003   3.59915764e-002]
 [  0.00000000e+000   4.04858264e-289   4.79406710e-226 ...,
    2.15843445e-027   3.92239530e-011   3.56865582e-003]
 [  8.89318163e-323   1.15160446e-255   1.30056832e-196 ...,
    4.62074075e-018   8.00853048e-006   6.94920098e-002]]
[[  1.02254735e-001   4.60338736e-005   1.73370162e-016 ...,
    2.53067979e-190   1.46343747e-248   4.21987973e-315]
 [  1.25950543e-002   1.47145818e-002   1.43813132e-010 ...,
    2.47075863e-167   3.70784083e-222   2.77460249e-285]
 [  5.85006130e-002   1.06732688e-003   1.62906053e-013 ...,
    2.59964926e-179   6.09248783e-236   7.11972978e-301]
 ..., 
 [  4.54307145e-299   1.31795325e-234   3.19855031e-178 ...,
    5.18797355e-013   1.93326360e-003   3.59230597e-002]
 [  0.00000000e+000   4.05221747e-289   4.80075791e-226 ...,
    2.15860801e-027   3.92672952e-011   3.56186222e-003]
 [  8.89318163e-323   1.15263837e-255   1.30238345e-196 ...,
    4.62111230e-018   8.01737985e-006   6.93597188e-002]]
[[  1.02275340e-001   4.60286491e-005   1.73340111e-016 ...,
    2.53084076e-190   1.46263244e-248   4.22349291e-315]
 [  1.25975923e-002   1.47129118e-002   1.43788204e-010 ...,
    2.47091579e-167   3.70580114e-222   2.77697818e-285]
 [  5.85124015e-002   1.06720575e-003   1.62877816e-013 ...,
    2.59981461e-179   6.08913635e-236   7.12582589e-301]
 ..., 
 [  4.54398693e-299   1.31780367e-234   3.19799588e-178 ...,
    5.18830354e-013   1.93220011e-003   3.59538180e-002]
 [  0.00000000e+000   4.05175757e-289   4.79992576e-226 ...,
    2.15874531e-027   3.92456942e-011   3.56491198e-003]
 [  8.89318163e-323   1.15250755e-255   1.30215770e-196 ...,
    4.62140624e-018   8.01296947e-006   6.94191065e-002]]
[[  1.02270838e-001   4.60301296e-005   1.73343071e-016 ...,
    2.53070512e-190   1.46304647e-248   4.22184323e-315]
 [  1.25970377e-002   1.47133851e-002   1.43790660e-010 ...,
    2.47078336e-167   3.70685017e-222   2.77589350e-285]
 [  5.85098257e-002   1.06724008e-003   1.62880597e-013 ...,
    2.59967528e-179   6.09086004e-236   7.12304256e-301]
 ..., 
 [  4.54378689e-299   1.31784606e-234   3.19805049e-178 ...,
    5.18802548e-013   1.93274707e-003   3.59397746e-002]
 [  0.00000000e+000   4.05188790e-289   4.80000773e-226 ...,
    2.15862962e-027   3.92568037e-011   3.56351954e-003]
 [  8.89318163e-323   1.15254462e-255   1.30217994e-196 ...,
    4.62115856e-018   8.01523776e-006   6.93919917e-002]]
[[  1.02271927e-001   4.60295662e-005   1.73345082e-016 ...,
    2.53078264e-190   1.46283881e-248   4.22264202e-315]
 [  1.25971719e-002   1.47132049e-002   1.43792328e-010 ...,
    2.47085904e-167   3.70632402e-222   2.77641871e-285]
 [  5.85104487e-002   1.06722701e-003   1.62882487e-013 ...,
    2.59975491e-179   6.08999550e-236   7.12439027e-301]
 ..., 
 [  4.54383527e-299   1.31782993e-234   3.19808760e-178 ...,
    5.18818439e-013   1.93247273e-003   3.59465745e-002]
 [  0.00000000e+000   4.05183830e-289   4.80006342e-226 ...,
    2.15869574e-027   3.92512316e-011   3.56419377e-003]
 [  8.89318163e-323   1.15253052e-255   1.30219505e-196 ...,
    4.62130010e-018   8.01410007e-006   6.94051209e-002]]
[[  1.02271600e-001   4.60298696e-005   1.73342673e-016 ...,
    2.53074841e-190   1.46294296e-248   4.22225133e-315]
 [  1.25971316e-002   1.47133019e-002   1.43790329e-010 ...,
    2.47082562e-167   3.70658790e-222   2.77616183e-285]
 [  5.85102615e-002   1.06723405e-003   1.62880223e-013 ...,
    2.59971974e-179   6.09042909e-236   7.12373111e-301]
 ..., 
 [  4.54382074e-299   1.31783862e-234   3.19804314e-178 ...,
    5.18811421e-013   1.93261032e-003   3.59432487e-002]
 [  0.00000000e+000   4.05186501e-289   4.79999670e-226 ...,
    2.15866654e-027   3.92540262e-011   3.56386401e-003]
 [  8.89318163e-323   1.15253811e-255   1.30217694e-196 ...,
    4.62123759e-018   8.01467065e-006   6.93986994e-002]]
[[  1.02271740e-001   4.60296683e-005   1.73344585e-016 ...,
    2.53075950e-190   1.46289169e-248   4.22244496e-315]
 [  1.25971488e-002   1.47132376e-002   1.43791915e-010 ...,
    2.47083645e-167   3.70645801e-222   2.77628914e-285]
 [  5.85103416e-002   1.06722938e-003   1.62882020e-013 ...,
    2.59973114e-179   6.09021568e-236   7.12405780e-301]
 ..., 
 [  4.54382696e-299   1.31783285e-234   3.19807842e-178 ...,
    5.18813696e-013   1.93254260e-003   3.59448970e-002]
 [  0.00000000e+000   4.05184729e-289   4.80004965e-226 ...,
    2.15867600e-027   3.92526507e-011   3.56402744e-003]
 [  8.89318163e-323   1.15253307e-255   1.30219131e-196 ...,
    4.62125786e-018   8.01438981e-006   6.94018820e-002]]
[[  1.02271658e-001   4.60298099e-005   1.73343232e-016 ...,
    2.53075927e-190   1.46291644e-248   4.22234940e-315]
 [  1.25971387e-002   1.47132828e-002   1.43790793e-010 ...,
    2.47083623e-167   3.70652072e-222   2.77622631e-285]
 [  5.85102946e-002   1.06723266e-003   1.62880748e-013 ...,
    2.59973090e-179   6.09031871e-236   7.12389656e-301]
 ..., 
 [  4.54382331e-299   1.31783691e-234   3.19805346e-178 ...,
    5.18813648e-013   1.93257529e-003   3.59440835e-002]
 [  0.00000000e+000   4.05185975e-289   4.80001218e-226 ...,
    2.15867581e-027   3.92533147e-011   3.56394678e-003]
 [  8.89318163e-323   1.15253662e-255   1.30218114e-196 ...,
    4.62125743e-018   8.01452540e-006   6.94003112e-002]]
[[  1.02271713e-001   4.60297109e-005   1.73344142e-016 ...,
    2.53075530e-190   1.46290491e-248   4.22239614e-315]
 [  1.25971455e-002   1.47132512e-002   1.43791548e-010 ...,
    2.47083235e-167   3.70649149e-222   2.77625704e-285]
 [  5.85103263e-002   1.06723037e-003   1.62881603e-013 ...,
    2.59972683e-179   6.09027069e-236   7.12397544e-301]
 ..., 
 [  4.54382577e-299   1.31783407e-234   3.19807025e-178 ...,
    5.18812835e-013   1.93256005e-003   3.59444814e-002]
 [  0.00000000e+000   4.05185104e-289   4.80003738e-226 ...,
    2.15867242e-027   3.92530052e-011   3.56398624e-003]
 [  8.89318163e-323   1.15253414e-255   1.30218798e-196 ...,
    4.62125019e-018   8.01446220e-006   6.94010796e-002]]
[[  1.02271675e-001   4.60297785e-005   1.73343547e-016 ...,
    2.53076030e-190   1.46290998e-248   4.22237374e-315]
 [  1.25971408e-002   1.47132728e-002   1.43791055e-010 ...,
    2.47083723e-167   3.70650436e-222   2.77624232e-285]
 [  5.85103043e-002   1.06723194e-003   1.62881045e-013 ...,
    2.59973196e-179   6.09029182e-236   7.12393764e-301]
 ..., 
 [  4.54382406e-299   1.31783601e-234   3.19805928e-178 ...,
    5.18813860e-013   1.93256676e-003   3.59442908e-002]
 [  0.00000000e+000   4.05185699e-289   4.80002092e-226 ...,
    2.15867669e-027   3.92531414e-011   3.56396733e-003]
 [  8.89318163e-323   1.15253583e-255   1.30218351e-196 ...,
    4.62125932e-018   8.01449001e-006   6.94007114e-002]]
[[  1.02271701e-001   4.60297334e-005   1.73343928e-016 ...,
    2.53075563e-190   1.46290799e-248   4.22238411e-315]
 [  1.25971440e-002   1.47132584e-002   1.43791371e-010 ...,
    2.47083268e-167   3.70649930e-222   2.77624913e-285]
 [  5.85103194e-002   1.06723089e-003   1.62881403e-013 ...,
    2.59972717e-179   6.09028351e-236   7.12395514e-301]
 ..., 
 [  4.54382523e-299   1.31783472e-234   3.19806631e-178 ...,
    5.18812903e-013   1.93256412e-003   3.59443790e-002]
 [  0.00000000e+000   4.05185302e-289   4.80003148e-226 ...,
    2.15867270e-027   3.92530879e-011   3.56397608e-003]
 [  8.89318163e-323   1.15253470e-255   1.30218638e-196 ...,
    4.62125079e-018   8.01447907e-006   6.94008819e-002]]
[[  1.02271683e-001   4.60297629e-005   1.73343687e-016 ...,
    2.53075951e-190   1.46290858e-248   4.22237960e-315]
 [  1.25971419e-002   1.47132678e-002   1.43791171e-010 ...,
    2.47083646e-167   3.70650079e-222   2.77624617e-285]
 [  5.85103093e-002   1.06723158e-003   1.62881176e-013 ...,
    2.59973115e-179   6.09028597e-236   7.12394752e-301]
 ..., 
 [  4.54382445e-299   1.31783556e-234   3.19806186e-178 ...,
    5.18813697e-013   1.93256490e-003   3.59443406e-002]
 [  0.00000000e+000   4.05185562e-289   4.80002479e-226 ...,
    2.15867601e-027   3.92531037e-011   3.56397227e-003]
 [  8.89318163e-323   1.15253544e-255   1.30218457e-196 ...,
    4.62125787e-018   8.01448231e-006   6.94008077e-002]]
[[  1.02271695e-001   4.60297439e-005   1.73343839e-016 ...,
    2.53075649e-190   1.46290858e-248   4.22238134e-315]
 [  1.25971433e-002   1.47132618e-002   1.43791296e-010 ...,
    2.47083351e-167   3.70650081e-222   2.77624731e-285]
 [  5.85103159e-002   1.06723114e-003   1.62881318e-013 ...,
    2.59972804e-179   6.09028599e-236   7.12395046e-301]
 ..., 
 [  4.54382497e-299   1.31783502e-234   3.19806465e-178 ...,
    5.18813078e-013   1.93256491e-003   3.59443554e-002]
 [  0.00000000e+000   4.05185394e-289   4.80002899e-226 ...,
    2.15867343e-027   3.92531038e-011   3.56397374e-003]
 [  8.89318163e-323   1.15253497e-255   1.30218570e-196 ...,
    4.62125235e-018   8.01448234e-006   6.94008363e-002]]
[[  1.02271687e-001   4.60297560e-005   1.73343744e-016 ...,
    2.53075875e-190   1.46290836e-248   4.22238085e-315]
 [  1.25971424e-002   1.47132656e-002   1.43791218e-010 ...,
    2.47083572e-167   3.70650025e-222   2.77624699e-285]
 [  5.85103116e-002   1.06723142e-003   1.62881230e-013 ...,
    2.59973037e-179   6.09028507e-236   7.12394964e-301]
 ..., 
 [  4.54382463e-299   1.31783536e-234   3.19806291e-178 ...,
    5.18813543e-013   1.93256462e-003   3.59443513e-002]
 [  0.00000000e+000   4.05185501e-289   4.80002637e-226 ...,
    2.15867537e-027   3.92530979e-011   3.56397334e-003]
 [  8.89318163e-323   1.15253527e-255   1.30218499e-196 ...,
    4.62125649e-018   8.01448113e-006   6.94008283e-002]]
[[  1.02271692e-001   4.60297484e-005   1.73343803e-016 ...,
    2.53075710e-190   1.46290863e-248   4.22238081e-315]
 [  1.25971430e-002   1.47132632e-002   1.43791267e-010 ...,
    2.47083410e-167   3.70650092e-222   2.77624696e-285]
 [  5.85103144e-002   1.06723124e-003   1.62881285e-013 ...,
    2.59972867e-179   6.09028618e-236   7.12394957e-301]
 ..., 
 [  4.54382484e-299   1.31783515e-234   3.19806399e-178 ...,
    5.18813203e-013   1.93256497e-003   3.59443509e-002]
 [  0.00000000e+000   4.05185434e-289   4.80002800e-226 ...,
    2.15867395e-027   3.92531051e-011   3.56397330e-003]
 [  8.89318163e-323   1.15253508e-255   1.30218544e-196 ...,
    4.62125346e-018   8.01448258e-006   6.94008276e-002]]
[[  1.02271689e-001   4.60297532e-005   1.73343766e-016 ...,
    2.53075829e-190   1.46290839e-248   4.22238104e-315]
 [  1.25971426e-002   1.47132647e-002   1.43791236e-010 ...,
    2.47083527e-167   3.70650031e-222   2.77624711e-285]
 [  5.85103126e-002   1.06723135e-003   1.62881251e-013 ...,
    2.59972989e-179   6.09028517e-236   7.12394995e-301]
 ..., 
 [  4.54382471e-299   1.31783528e-234   3.19806332e-178 ...,
    5.18813447e-013   1.93256465e-003   3.59443529e-002]
 [  0.00000000e+000   4.05185476e-289   4.80002699e-226 ...,
    2.15867497e-027   3.92530986e-011   3.56397349e-003]
 [  8.89318163e-323   1.15253520e-255   1.30218516e-196 ...,
    4.62125564e-018   8.01448126e-006   6.94008313e-002]]
[[  1.02271691e-001   4.60297502e-005   1.73343789e-016 ...,
    2.53075744e-190   1.46290858e-248   4.22238078e-315]
 [  1.25971428e-002   1.47132638e-002   1.43791255e-010 ...,
    2.47083444e-167   3.70650081e-222   2.77624694e-285]
 [  5.85103137e-002   1.06723128e-003   1.62881272e-013 ...,
    2.59972902e-179   6.09028599e-236   7.12394952e-301]
 ..., 
 [  4.54382479e-299   1.31783520e-234   3.19806374e-178 ...,
    5.18813274e-013   1.93256491e-003   3.59443507e-002]
 [  0.00000000e+000   4.05185449e-289   4.80002761e-226 ...,
    2.15867425e-027   3.92531039e-011   3.56397327e-003]
 [  8.89318163e-323   1.15253512e-255   1.30218533e-196 ...,
    4.62125409e-018   8.01448234e-006   6.94008271e-002]]
[[  1.02271690e-001   4.60297520e-005   1.73343775e-016 ...,
    2.53075804e-190   1.46290843e-248   4.22238101e-315]
 [  1.25971427e-002   1.47132644e-002   1.43791243e-010 ...,
    2.47083502e-167   3.70650042e-222   2.77624710e-285]
 [  5.85103130e-002   1.06723132e-003   1.62881259e-013 ...,
    2.59972963e-179   6.09028536e-236   7.12394991e-301]
 ..., 
 [  4.54382474e-299   1.31783525e-234   3.19806348e-178 ...,
    5.18813396e-013   1.93256471e-003   3.59443526e-002]
 [  0.00000000e+000   4.05185466e-289   4.80002722e-226 ...,
    2.15867475e-027   3.92530998e-011   3.56397347e-003]
 [  8.89318163e-323   1.15253517e-255   1.30218523e-196 ...,
    4.62125518e-018   8.01448151e-006   6.94008309e-002]]
[[  1.02271691e-001   4.60297509e-005   1.73343784e-016 ...,
    2.53075762e-190   1.46290855e-248   4.22238082e-315]
 [  1.25971428e-002   1.47132640e-002   1.43791251e-010 ...,
    2.47083462e-167   3.70650071e-222   2.77624697e-285]
 [  5.85103135e-002   1.06723130e-003   1.62881267e-013 ...,
    2.59972921e-179   6.09028583e-236   7.12394959e-301]
 ..., 
 [  4.54382477e-299   1.31783522e-234   3.19806364e-178 ...,
    5.18813310e-013   1.93256486e-003   3.59443510e-002]
 [  0.00000000e+000   4.05185456e-289   4.80002746e-226 ...,
    2.15867440e-027   3.92531028e-011   3.56397331e-003]
 [  8.89318163e-323   1.15253514e-255   1.30218529e-196 ...,
    4.62125442e-018   8.01448213e-006   6.94008278e-002]]
[[  1.02271690e-001   4.60297516e-005   1.73343778e-016 ...,
    2.53075791e-190   1.46290846e-248   4.22238097e-315]
 [  1.25971427e-002   1.47132642e-002   1.43791246e-010 ...,
    2.47083490e-167   3.70650050e-222   2.77624707e-285]
 [  5.85103132e-002   1.06723131e-003   1.62881262e-013 ...,
    2.59972950e-179   6.09028549e-236   7.12394983e-301]
 ..., 
 [  4.54382475e-299   1.31783524e-234   3.19806354e-178 ...,
    5.18813369e-013   1.93256475e-003   3.59443523e-002]
 [  0.00000000e+000   4.05185462e-289   4.80002731e-226 ...,
    2.15867465e-027   3.92531006e-011   3.56397343e-003]
 [  8.89318163e-323   1.15253516e-255   1.30218525e-196 ...,
    4.62125495e-018   8.01448168e-006   6.94008302e-002]]
[[  1.02271690e-001   4.60297512e-005   1.73343782e-016 ...,
    2.53075771e-190   1.46290852e-248   4.22238086e-315]
 [  1.25971427e-002   1.47132641e-002   1.43791249e-010 ...,
    2.47083470e-167   3.70650065e-222   2.77624700e-285]
 [  5.85103134e-002   1.06723130e-003   1.62881265e-013 ...,
    2.59972930e-179   6.09028573e-236   7.12394965e-301]
 ..., 
 [  4.54382477e-299   1.31783523e-234   3.19806360e-178 ...,
    5.18813329e-013   1.93256483e-003   3.59443514e-002]
 [  0.00000000e+000   4.05185458e-289   4.80002741e-226 ...,
    2.15867448e-027   3.92531022e-011   3.56397334e-003]
 [  8.89318163e-323   1.15253515e-255   1.30218528e-196 ...,
    4.62125458e-018   8.01448200e-006   6.94008284e-002]]
[[  1.02271690e-001   4.60297514e-005   1.73343779e-016 ...,
    2.53075785e-190   1.46290848e-248   4.22238094e-315]
 [  1.25971427e-002   1.47132642e-002   1.43791247e-010 ...,
    2.47083484e-167   3.70650054e-222   2.77624705e-285]
 [  5.85103133e-002   1.06723131e-003   1.62881263e-013 ...,
    2.59972944e-179   6.09028556e-236   7.12394978e-301]
 ..., 
 [  4.54382476e-299   1.31783523e-234   3.19806356e-178 ...,
    5.18813357e-013   1.93256477e-003   3.59443520e-002]
 [  0.00000000e+000   4.05185460e-289   4.80002735e-226 ...,
    2.15867459e-027   3.92531011e-011   3.56397341e-003]
 [  8.89318163e-323   1.15253515e-255   1.30218526e-196 ...,
    4.62125483e-018   8.01448177e-006   6.94008297e-002]]
[[  1.02271690e-001   4.60297513e-005   1.73343781e-016 ...,
    2.53075775e-190   1.46290851e-248   4.22238088e-315]
 [  1.25971427e-002   1.47132641e-002   1.43791248e-010 ...,
    2.47083475e-167   3.70650062e-222   2.77624701e-285]
 [  5.85103133e-002   1.06723131e-003   1.62881264e-013 ...,
    2.59972934e-179   6.09028568e-236   7.12394969e-301]
 ..., 
 [  4.54382476e-299   1.31783523e-234   3.19806359e-178 ...,
    5.18813338e-013   1.93256481e-003   3.59443515e-002]
 [  0.00000000e+000   4.05185459e-289   4.80002739e-226 ...,
    2.15867451e-027   3.92531018e-011   3.56397336e-003]
 [  8.89318163e-323   1.15253515e-255   1.30218527e-196 ...,
    4.62125466e-018   8.01448193e-006   6.94008288e-002]]
[[  1.02271690e-001   4.60297514e-005   1.73343780e-016 ...,
    2.53075782e-190   1.46290849e-248   4.22238092e-315]
 [  1.25971427e-002   1.47132641e-002   1.43791248e-010 ...,
    2.47083481e-167   3.70650057e-222   2.77624704e-285]
 [  5.85103133e-002   1.06723131e-003   1.62881263e-013 ...,
    2.59972941e-179   6.09028560e-236   7.12394976e-301]
 ..., 
 [  4.54382476e-299   1.31783523e-234   3.19806357e-178 ...,
    5.18813351e-013   1.93256478e-003   3.59443519e-002]
 [  0.00000000e+000   4.05185460e-289   4.80002736e-226 ...,
    2.15867457e-027   3.92531013e-011   3.56397339e-003]
 [  8.89318163e-323   1.15253515e-255   1.30218526e-196 ...,
    4.62125478e-018   8.01448182e-006   6.94008294e-002]]
[[  1.02271690e-001   4.60297513e-005   1.73343780e-016 ...,
    2.53075777e-190   1.46290850e-248   4.22238090e-315]
 [  1.25971427e-002   1.47132641e-002   1.43791248e-010 ...,
    2.47083477e-167   3.70650060e-222   2.77624702e-285]
 [  5.85103133e-002   1.06723131e-003   1.62881264e-013 ...,
    2.59972936e-179   6.09028565e-236   7.12394971e-301]
 ..., 
 [  4.54382476e-299   1.31783523e-234   3.19806358e-178 ...,
    5.18813342e-013   1.93256480e-003   3.59443516e-002]
 [  0.00000000e+000   4.05185459e-289   4.80002738e-226 ...,
    2.15867453e-027   3.92531017e-011   3.56397337e-003]
 [  8.89318163e-323   1.15253515e-255   1.30218527e-196 ...,
    4.62125470e-018   8.01448190e-006   6.94008290e-002]]
[[  1.02271690e-001   4.60297513e-005   1.73343780e-016 ...,
    2.53075780e-190   1.46290849e-248   4.22238091e-315]
 [  1.25971427e-002   1.47132641e-002   1.43791248e-010 ...,
    2.47083480e-167   3.70650058e-222   2.77624703e-285]
 [  5.85103133e-002   1.06723131e-003   1.62881264e-013 ...,
    2.59972940e-179   6.09028561e-236   7.12394974e-301]
 ..., 
 [  4.54382476e-299   1.31783523e-234   3.19806358e-178 ...,
    5.18813348e-013   1.93256479e-003   3.59443518e-002]
 [  0.00000000e+000   4.05185460e-289   4.80002737e-226 ...,
    2.15867456e-027   3.92531014e-011   3.56397338e-003]
 [  8.89318163e-323   1.15253515e-255   1.30218526e-196 ...,
    4.62125475e-018   8.01448184e-006   6.94008293e-002]]
[[  1.02271690e-001   4.60297513e-005   1.73343780e-016 ...,
    2.53075778e-190   1.46290850e-248   4.22238090e-315]
 [  1.25971427e-002   1.47132641e-002   1.43791248e-010 ...,
    2.47083478e-167   3.70650059e-222   2.77624702e-285]
 [  5.85103133e-002   1.06723131e-003   1.62881264e-013 ...,
    2.59972937e-179   6.09028564e-236   7.12394972e-301]
 ..., 
 [  4.54382476e-299   1.31783523e-234   3.19806358e-178 ...,
    5.18813344e-013   1.93256480e-003   3.59443517e-002]
 [  0.00000000e+000   4.05185459e-289   4.80002737e-226 ...,
    2.15867454e-027   3.92531016e-011   3.56397337e-003]
 [  8.89318163e-323   1.15253515e-255   1.30218527e-196 ...,
    4.62125472e-018   8.01448188e-006   6.94008291e-002]]
[[  1.02271690e-001   4.60297513e-005   1.73343780e-016 ...,
    2.53075780e-190   1.46290850e-248   4.22238091e-315]
 [  1.25971427e-002   1.47132641e-002   1.43791248e-010 ...,
    2.47083479e-167   3.70650058e-222   2.77624703e-285]
 [  5.85103133e-002   1.06723131e-003   1.62881264e-013 ...,
    2.59972939e-179   6.09028562e-236   7.12394974e-301]
 ..., 
 [  4.54382476e-299   1.31783523e-234   3.19806358e-178 ...,
    5.18813346e-013   1.93256479e-003   3.59443518e-002]
 [  0.00000000e+000   4.05185460e-289   4.80002737e-226 ...,
    2.15867455e-027   3.92531015e-011   3.56397338e-003]
 [  8.89318163e-323   1.15253515e-255   1.30218527e-196 ...,
    4.62125474e-018   8.01448185e-006   6.94008292e-002]]
[[  1.02271690e-001   4.60297513e-005   1.73343780e-016 ...,
    2.53075779e-190   1.46290850e-248   4.22238090e-315]
 [  1.25971427e-002   1.47132641e-002   1.43791248e-010 ...,
    2.47083478e-167   3.70650059e-222   2.77624702e-285]
 [  5.85103133e-002   1.06723131e-003   1.62881264e-013 ...,
    2.59972938e-179   6.09028564e-236   7.12394973e-301]
 ..., 
 [  4.54382476e-299   1.31783523e-234   3.19806358e-178 ...,
    5.18813345e-013   1.93256480e-003   3.59443517e-002]
 [  0.00000000e+000   4.05185460e-289   4.80002737e-226 ...,
    2.15867454e-027   3.92531016e-011   3.56397338e-003]
 [  8.89318163e-323   1.15253515e-255   1.30218527e-196 ...,
    4.62125473e-018   8.01448187e-006   6.94008291e-002]]
[[  1.02271690e-001   4.60297513e-005   1.73343780e-016 ...,
    2.53075779e-190   1.46290850e-248   4.22238091e-315]
 [  1.25971427e-002   1.47132641e-002   1.43791248e-010 ...,
    2.47083479e-167   3.70650058e-222   2.77624703e-285]
 [  5.85103133e-002   1.06723131e-003   1.62881264e-013 ...,
    2.59972939e-179   6.09028563e-236   7.12394973e-301]
 ..., 
 [  4.54382476e-299   1.31783523e-234   3.19806358e-178 ...,
    5.18813346e-013   1.93256479e-003   3.59443518e-002]
 [  0.00000000e+000   4.05185460e-289   4.80002737e-226 ...,
    2.15867455e-027   3.92531015e-011   3.56397338e-003]
 [  8.89318163e-323   1.15253515e-255   1.30218527e-196 ...,
    4.62125474e-018   8.01448186e-006   6.94008292e-002]]
[[  1.02271690e-001   4.60297513e-005   1.73343780e-016 ...,
    2.53075779e-190   1.46290850e-248   4.22238091e-315]
 [  1.25971427e-002   1.47132641e-002   1.43791248e-010 ...,
    2.47083478e-167   3.70650059e-222   2.77624703e-285]
 [  5.85103133e-002   1.06723131e-003   1.62881264e-013 ...,
    2.59972938e-179   6.09028563e-236   7.12394973e-301]
 ..., 
 [  4.54382476e-299   1.31783523e-234   3.19806358e-178 ...,
    5.18813345e-013   1.93256480e-003   3.59443517e-002]
 [  0.00000000e+000   4.05185460e-289   4.80002737e-226 ...,
    2.15867454e-027   3.92531015e-011   3.56397338e-003]
 [  8.89318163e-323   1.15253515e-255   1.30218527e-196 ...,
    4.62125473e-018   8.01448187e-006   6.94008292e-002]]
[[  1.02271690e-001   4.60297513e-005   1.73343780e-016 ...,
    2.53075779e-190   1.46290850e-248   4.22238091e-315]
 [  1.25971427e-002   1.47132641e-002   1.43791248e-010 ...,
    2.47083478e-167   3.70650059e-222   2.77624703e-285]
 [  5.85103133e-002   1.06723131e-003   1.62881264e-013 ...,
    2.59972938e-179   6.09028563e-236   7.12394973e-301]
 ..., 
 [  4.54382476e-299   1.31783523e-234   3.19806358e-178 ...,
    5.18813346e-013   1.93256479e-003   3.59443517e-002]
 [  0.00000000e+000   4.05185460e-289   4.80002737e-226 ...,
    2.15867455e-027   3.92531015e-011   3.56397338e-003]
 [  8.89318163e-323   1.15253515e-255   1.30218527e-196 ...,
    4.62125473e-018   8.01448186e-006   6.94008292e-002]]
[[  1.02271690e-001   4.60297513e-005   1.73343780e-016 ...,
    2.53075779e-190   1.46290850e-248   4.22238091e-315]
 [  1.25971427e-002   1.47132641e-002   1.43791248e-010 ...,
    2.47083478e-167   3.70650059e-222   2.77624703e-285]
 [  5.85103133e-002   1.06723131e-003   1.62881264e-013 ...,
    2.59972938e-179   6.09028563e-236   7.12394973e-301]
 ..., 
 [  4.54382476e-299   1.31783523e-234   3.19806358e-178 ...,
    5.18813345e-013   1.93256480e-003   3.59443517e-002]
 [  0.00000000e+000   4.05185460e-289   4.80002737e-226 ...,
    2.15867454e-027   3.92531015e-011   3.56397338e-003]
 [  8.89318163e-323   1.15253515e-255   1.30218527e-196 ...,
    4.62125473e-018   8.01448187e-006   6.94008292e-002]]
[[  1.02271690e-001   4.60297513e-005   1.73343780e-016 ...,
    2.53075779e-190   1.46290850e-248   4.22238091e-315]
 [  1.25971427e-002   1.47132641e-002   1.43791248e-010 ...,
    2.47083478e-167   3.70650059e-222   2.77624703e-285]
 [  5.85103133e-002   1.06723131e-003   1.62881264e-013 ...,
    2.59972938e-179   6.09028563e-236   7.12394973e-301]
 ..., 
 [  4.54382476e-299   1.31783523e-234   3.19806358e-178 ...,
    5.18813345e-013   1.93256479e-003   3.59443517e-002]
 [  0.00000000e+000   4.05185460e-289   4.80002737e-226 ...,
    2.15867455e-027   3.92531015e-011   3.56397338e-003]
 [  8.89318163e-323   1.15253515e-255   1.30218527e-196 ...,
    4.62125473e-018   8.01448186e-006   6.94008292e-002]]
[[  1.02271690e-001   4.60297513e-005   1.73343780e-016 ...,
    2.53075779e-190   1.46290850e-248   4.22238091e-315]
 [  1.25971427e-002   1.47132641e-002   1.43791248e-010 ...,
    2.47083478e-167   3.70650059e-222   2.77624703e-285]
 [  5.85103133e-002   1.06723131e-003   1.62881264e-013 ...,
    2.59972938e-179   6.09028563e-236   7.12394973e-301]
 ..., 
 [  4.54382476e-299   1.31783523e-234   3.19806358e-178 ...,
    5.18813345e-013   1.93256480e-003   3.59443517e-002]
 [  0.00000000e+000   4.05185460e-289   4.80002737e-226 ...,
    2.15867454e-027   3.92531015e-011   3.56397338e-003]
 [  8.89318163e-323   1.15253515e-255   1.30218527e-196 ...,
    4.62125473e-018   8.01448187e-006   6.94008292e-002]]
[[  1.02271690e-001   4.60297513e-005   1.73343780e-016 ...,
    2.53075779e-190   1.46290850e-248   4.22238091e-315]
 [  1.25971427e-002   1.47132641e-002   1.43791248e-010 ...,
    2.47083478e-167   3.70650059e-222   2.77624703e-285]
 [  5.85103133e-002   1.06723131e-003   1.62881264e-013 ...,
    2.59972938e-179   6.09028563e-236   7.12394973e-301]
 ..., 
 [  4.54382476e-299   1.31783523e-234   3.19806358e-178 ...,
    5.18813345e-013   1.93256480e-003   3.59443517e-002]
 [  0.00000000e+000   4.05185460e-289   4.80002737e-226 ...,
    2.15867455e-027   3.92531015e-011   3.56397338e-003]
 [  8.89318163e-323   1.15253515e-255   1.30218527e-196 ...,
    4.62125473e-018   8.01448186e-006   6.94008292e-002]]
[[  1.02271690e-001   4.60297513e-005   1.73343780e-016 ...,
    2.53075779e-190   1.46290850e-248   4.22238091e-315]
 [  1.25971427e-002   1.47132641e-002   1.43791248e-010 ...,
    2.47083478e-167   3.70650059e-222   2.77624703e-285]
 [  5.85103133e-002   1.06723131e-003   1.62881264e-013 ...,
    2.59972938e-179   6.09028563e-236   7.12394973e-301]
 ..., 
 [  4.54382476e-299   1.31783523e-234   3.19806358e-178 ...,
    5.18813345e-013   1.93256480e-003   3.59443517e-002]
 [  0.00000000e+000   4.05185460e-289   4.80002737e-226 ...,
    2.15867454e-027   3.92531015e-011   3.56397338e-003]
 [  8.89318163e-323   1.15253515e-255   1.30218527e-196 ...,
    4.62125473e-018   8.01448187e-006   6.94008292e-002]]
[[  1.02271690e-001   4.60297513e-005   1.73343780e-016 ...,
    2.53075779e-190   1.46290850e-248   4.22238091e-315]
 [  1.25971427e-002   1.47132641e-002   1.43791248e-010 ...,
    2.47083478e-167   3.70650059e-222   2.77624703e-285]
 [  5.85103133e-002   1.06723131e-003   1.62881264e-013 ...,
    2.59972938e-179   6.09028563e-236   7.12394973e-301]
 ..., 
 [  4.54382476e-299   1.31783523e-234   3.19806358e-178 ...,
    5.18813345e-013   1.93256480e-003   3.59443517e-002]
 [  0.00000000e+000   4.05185460e-289   4.80002737e-226 ...,
    2.15867454e-027   3.92531015e-011   3.56397338e-003]
 [  8.89318163e-323   1.15253515e-255   1.30218527e-196 ...,
    4.62125473e-018   8.01448186e-006   6.94008292e-002]]
[[  1.02271690e-001   4.60297513e-005   1.73343780e-016 ...,
    2.53075779e-190   1.46290850e-248   4.22238091e-315]
 [  1.25971427e-002   1.47132641e-002   1.43791248e-010 ...,
    2.47083478e-167   3.70650059e-222   2.77624703e-285]
 [  5.85103133e-002   1.06723131e-003   1.62881264e-013 ...,
    2.59972938e-179   6.09028563e-236   7.12394973e-301]
 ..., 
 [  4.54382476e-299   1.31783523e-234   3.19806358e-178 ...,
    5.18813345e-013   1.93256480e-003   3.59443517e-002]
 [  0.00000000e+000   4.05185460e-289   4.80002737e-226 ...,
    2.15867454e-027   3.92531015e-011   3.56397338e-003]
 [  8.89318163e-323   1.15253515e-255   1.30218527e-196 ...,
    4.62125473e-018   8.01448187e-006   6.94008292e-002]]
[[  1.02271690e-001   4.60297513e-005   1.73343780e-016 ...,
    2.53075779e-190   1.46290850e-248   4.22238091e-315]
 [  1.25971427e-002   1.47132641e-002   1.43791248e-010 ...,
    2.47083478e-167   3.70650059e-222   2.77624703e-285]
 [  5.85103133e-002   1.06723131e-003   1.62881264e-013 ...,
    2.59972938e-179   6.09028563e-236   7.12394973e-301]
 ..., 
 [  4.54382476e-299   1.31783523e-234   3.19806358e-178 ...,
    5.18813345e-013   1.93256480e-003   3.59443517e-002]
 [  0.00000000e+000   4.05185460e-289   4.80002737e-226 ...,
    2.15867454e-027   3.92531015e-011   3.56397338e-003]
 [  8.89318163e-323   1.15253515e-255   1.30218527e-196 ...,
    4.62125473e-018   8.01448186e-006   6.94008292e-002]]
[[  1.02271690e-001   4.60297513e-005   1.73343780e-016 ...,
    2.53075779e-190   1.46290850e-248   4.22238091e-315]
 [  1.25971427e-002   1.47132641e-002   1.43791248e-010 ...,
    2.47083478e-167   3.70650059e-222   2.77624703e-285]
 [  5.85103133e-002   1.06723131e-003   1.62881264e-013 ...,
    2.59972938e-179   6.09028563e-236   7.12394973e-301]
 ..., 
 [  4.54382476e-299   1.31783523e-234   3.19806358e-178 ...,
    5.18813345e-013   1.93256480e-003   3.59443517e-002]
 [  0.00000000e+000   4.05185460e-289   4.80002737e-226 ...,
    2.15867454e-027   3.92531015e-011   3.56397338e-003]
 [  8.89318163e-323   1.15253515e-255   1.30218527e-196 ...,
    4.62125473e-018   8.01448187e-006   6.94008292e-002]]
[[  1.02271690e-001   4.60297513e-005   1.73343780e-016 ...,
    2.53075779e-190   1.46290850e-248   4.22238091e-315]
 [  1.25971427e-002   1.47132641e-002   1.43791248e-010 ...,
    2.47083478e-167   3.70650059e-222   2.77624703e-285]
 [  5.85103133e-002   1.06723131e-003   1.62881264e-013 ...,
    2.59972938e-179   6.09028563e-236   7.12394973e-301]
 ..., 
 [  4.54382476e-299   1.31783523e-234   3.19806358e-178 ...,
    5.18813345e-013   1.93256480e-003   3.59443517e-002]
 [  0.00000000e+000   4.05185460e-289   4.80002737e-226 ...,
    2.15867454e-027   3.92531015e-011   3.56397338e-003]
 [  8.89318163e-323   1.15253515e-255   1.30218527e-196 ...,
    4.62125473e-018   8.01448187e-006   6.94008292e-002]]
[[  1.02271690e-001   4.60297513e-005   1.73343780e-016 ...,
    2.53075779e-190   1.46290850e-248   4.22238091e-315]
 [  1.25971427e-002   1.47132641e-002   1.43791248e-010 ...,
    2.47083478e-167   3.70650059e-222   2.77624703e-285]
 [  5.85103133e-002   1.06723131e-003   1.62881264e-013 ...,
    2.59972938e-179   6.09028563e-236   7.12394973e-301]
 ..., 
 [  4.54382476e-299   1.31783523e-234   3.19806358e-178 ...,
    5.18813345e-013   1.93256480e-003   3.59443517e-002]
 [  0.00000000e+000   4.05185460e-289   4.80002737e-226 ...,
    2.15867454e-027   3.92531015e-011   3.56397338e-003]
 [  8.89318163e-323   1.15253515e-255   1.30218527e-196 ...,
    4.62125473e-018   8.01448187e-006   6.94008292e-002]]
[[  1.02271690e-001   4.60297513e-005   1.73343780e-016 ...,
    2.53075779e-190   1.46290850e-248   4.22238091e-315]
 [  1.25971427e-002   1.47132641e-002   1.43791248e-010 ...,
    2.47083478e-167   3.70650059e-222   2.77624703e-285]
 [  5.85103133e-002   1.06723131e-003   1.62881264e-013 ...,
    2.59972938e-179   6.09028563e-236   7.12394973e-301]
 ..., 
 [  4.54382476e-299   1.31783523e-234   3.19806358e-178 ...,
    5.18813345e-013   1.93256480e-003   3.59443517e-002]
 [  0.00000000e+000   4.05185460e-289   4.80002737e-226 ...,
    2.15867454e-027   3.92531015e-011   3.56397338e-003]
 [  8.89318163e-323   1.15253515e-255   1.30218527e-196 ...,
    4.62125473e-018   8.01448187e-006   6.94008292e-002]]
[[  1.02271690e-001   4.60297513e-005   1.73343780e-016 ...,
    2.53075779e-190   1.46290850e-248   4.22238091e-315]
 [  1.25971427e-002   1.47132641e-002   1.43791248e-010 ...,
    2.47083478e-167   3.70650059e-222   2.77624703e-285]
 [  5.85103133e-002   1.06723131e-003   1.62881264e-013 ...,
    2.59972938e-179   6.09028563e-236   7.12394973e-301]
 ..., 
 [  4.54382476e-299   1.31783523e-234   3.19806358e-178 ...,
    5.18813345e-013   1.93256480e-003   3.59443517e-002]
 [  0.00000000e+000   4.05185460e-289   4.80002737e-226 ...,
    2.15867454e-027   3.92531015e-011   3.56397338e-003]
 [  8.89318163e-323   1.15253515e-255   1.30218527e-196 ...,
    4.62125473e-018   8.01448187e-006   6.94008292e-002]]
[[  1.02271690e-001   4.60297513e-005   1.73343780e-016 ...,
    2.53075779e-190   1.46290850e-248   4.22238091e-315]
 [  1.25971427e-002   1.47132641e-002   1.43791248e-010 ...,
    2.47083478e-167   3.70650059e-222   2.77624703e-285]
 [  5.85103133e-002   1.06723131e-003   1.62881264e-013 ...,
    2.59972938e-179   6.09028563e-236   7.12394973e-301]
 ..., 
 [  4.54382476e-299   1.31783523e-234   3.19806358e-178 ...,
    5.18813345e-013   1.93256480e-003   3.59443517e-002]
 [  0.00000000e+000   4.05185460e-289   4.80002737e-226 ...,
    2.15867454e-027   3.92531015e-011   3.56397338e-003]
 [  8.89318163e-323   1.15253515e-255   1.30218527e-196 ...,
    4.62125473e-018   8.01448187e-006   6.94008292e-002]]
#mu =  [ 0  3  6  9 12 15 18 21 24 27] 
#mu_est =  [ -0.11683487   3.01345912   5.97580854   8.99094942  12.02413516
  14.99187358  18.00512193  21.03052475  23.98657245  27.09923472]
#sigma =  [ 1.  1.  1.  1.  1.  1.  1.  1.  1.  1.] 
#sigma_est =  [ 0.85383105  0.71963203  0.74010906  0.72871288  0.73734373  0.7237062
  0.71627187  0.71122806  0.73081925  0.86616119]
#alpha =  [ 0.08912692  0.11614624  0.09788834  0.08848864  0.06880123  0.10489274
  0.07106385  0.14482329  0.15649814  0.06227063] 
#alpha_est =  [ 0.08915349  0.11546928  0.10026016  0.08575145  0.07044227  0.10246148
  0.07434461  0.14478687  0.1544927   0.0623374 ]
