#mu =  [ 0  3  6  9 12 15 18 21 24 27] 
#mu_est =  [ -0.11683487   3.01345912   5.97580854   8.99094942  12.02413516
  14.99187358  18.00512193  21.03052475  23.98657245  27.09923472]
#sigma =  [ 1.  1.  1.  1.  1.  1.  1.  1.  1.  1.] 
#sigma_est =  [ 0.85383105  0.71963203  0.74010906  0.72871288  0.73734373  0.7237062
  0.71627187  0.71122806  0.73081925  0.86616119]
#alpha =  [ 0.08912692  0.11614624  0.09788834  0.08848864  0.06880123  0.10489274
  0.07106385  0.14482329  0.15649814  0.06227063] 
#alpha_est =  [ 0.08915349  0.11546928  0.10026016  0.08575145  0.07044227  0.10246148
  0.07434461  0.14478687  0.1544927   0.0623374 ]
