[[  5.82665134e-03   8.83149380e-13   5.85468076e-01]
 [  1.68917764e-01   6.22204848e-02   6.98419865e-09]
 [  4.91553826e-01   3.86347678e-07   9.52496047e-03]
 ..., 
 [  4.73184847e-03   5.46118867e-13   6.24415682e-01]
 [  2.29489732e-06   1.15444398e-19   6.94789073e-01]
 [  2.05975099e-02   1.86504482e-11   3.46449144e-01]]
[[  2.29121147e-03   4.11086750e-13   2.28188124e-01]
 [  6.64234560e-02   2.89622769e-02   2.72211458e-09]
 [  1.93293489e-01   1.79836407e-07   3.71238492e-03]
 ..., 
 [  1.86070263e-03   2.54206406e-13   2.43368082e-01]
 [  9.02421437e-07   5.37368464e-20   2.70796345e-01]
 [  8.09954949e-03   8.68137634e-12   1.35029702e-01]]
[[  2.30811335e-03   4.07876479e-13   2.27734905e-01]
 [  6.69134506e-02   2.87361038e-02   2.71670801e-09]
 [  1.94719382e-01   1.78432023e-07   3.70501151e-03]
 ..., 
 [  1.87442872e-03   2.52221250e-13   2.42884713e-01]
 [  9.09078447e-07   5.33172030e-20   2.70258499e-01]
 [  8.15929849e-03   8.61358147e-12   1.34761511e-01]]
[[  2.30735801e-03   4.08659640e-13   2.28001442e-01]
 [  6.68915529e-02   2.87912799e-02   2.71988760e-09]
 [  1.94655659e-01   1.78774629e-07   3.70934780e-03]
 ..., 
 [  1.87381531e-03   2.52705539e-13   2.43168981e-01]
 [  9.08780947e-07   5.34195771e-20   2.70574805e-01]
 [  8.15662833e-03   8.63012036e-12   1.34919234e-01]]
[[  2.30865360e-03   4.08543994e-13   2.27958749e-01]
 [  6.69291127e-02   2.87831322e-02   2.71937832e-09]
 [  1.94764959e-01   1.78724038e-07   3.70865324e-03]
 ..., 
 [  1.87486746e-03   2.52634026e-13   2.43123449e-01]
 [  9.09291231e-07   5.34044599e-20   2.70524141e-01]
 [  8.16120831e-03   8.62767813e-12   1.34893971e-01]]
[[  2.30810226e-03   4.08587485e-13   2.27980100e-01]
 [  6.69131290e-02   2.87861963e-02   2.71963302e-09]
 [  1.94718446e-01   1.78743064e-07   3.70900060e-03]
 ..., 
 [  1.87441971e-03   2.52660919e-13   2.43146220e-01]
 [  9.09074078e-07   5.34101450e-20   2.70549479e-01]
 [  8.15925929e-03   8.62859657e-12   1.34906605e-01]]
[[  2.30833680e-03   4.08569701e-13   2.27970618e-01]
 [  6.69199285e-02   2.87849434e-02   2.71951989e-09]
 [  1.94738233e-01   1.78735284e-07   3.70884632e-03]
 ..., 
 [  1.87461018e-03   2.52649922e-13   2.43136107e-01]
 [  9.09166455e-07   5.34078203e-20   2.70538225e-01]
 [  8.16008840e-03   8.62822101e-12   1.34900994e-01]]
[[  2.30823702e-03   4.08577176e-13   2.27974702e-01]
 [  6.69170359e-02   2.87854700e-02   2.71956862e-09]
 [  1.94729815e-01   1.78738554e-07   3.70891277e-03]
 ..., 
 [  1.87452915e-03   2.52654545e-13   2.43140463e-01]
 [  9.09127157e-07   5.34087974e-20   2.70543072e-01]
 [  8.15973568e-03   8.62837887e-12   1.34903411e-01]]
[[  2.30827947e-03   4.08574007e-13   2.27972958e-01]
 [  6.69182664e-02   2.87852468e-02   2.71954782e-09]
 [  1.94733396e-01   1.78737168e-07   3.70888440e-03]
 ..., 
 [  1.87456362e-03   2.52652585e-13   2.43138603e-01]
 [  9.09143874e-07   5.34083832e-20   2.70541003e-01]
 [  8.15988573e-03   8.62831196e-12   1.34902379e-01]]
[[  2.30826141e-03   4.08575354e-13   2.27973701e-01]
 [  6.69177429e-02   2.87853416e-02   2.71955667e-09]
 [  1.94731873e-01   1.78737757e-07   3.70889648e-03]
 ..., 
 [  1.87454896e-03   2.52653418e-13   2.43139395e-01]
 [  9.09136763e-07   5.34085592e-20   2.70541884e-01]
 [  8.15982190e-03   8.62834039e-12   1.34902818e-01]]
[[  2.30826909e-03   4.08574781e-13   2.27973385e-01]
 [  6.69179656e-02   2.87853013e-02   2.71955290e-09]
 [  1.94732521e-01   1.78737506e-07   3.70889134e-03]
 ..., 
 [  1.87455520e-03   2.52653064e-13   2.43139058e-01]
 [  9.09139788e-07   5.34084844e-20   2.70541509e-01]
 [  8.15984905e-03   8.62832830e-12   1.34902631e-01]]
[[  2.30826582e-03   4.08575025e-13   2.27973519e-01]
 [  6.69178709e-02   2.87853185e-02   2.71955451e-09]
 [  1.94732245e-01   1.78737613e-07   3.70889353e-03]
 ..., 
 [  1.87455255e-03   2.52653214e-13   2.43139201e-01]
 [  9.09138501e-07   5.34085162e-20   2.70541668e-01]
 [  8.15983750e-03   8.62833344e-12   1.34902711e-01]]
[[  2.30826721e-03   4.08574921e-13   2.27973462e-01]
 [  6.69179112e-02   2.87853112e-02   2.71955383e-09]
 [  1.94732363e-01   1.78737568e-07   3.70889260e-03]
 ..., 
 [  1.87455367e-03   2.52653150e-13   2.43139140e-01]
 [  9.09139048e-07   5.34085027e-20   2.70541601e-01]
 [  8.15984241e-03   8.62833126e-12   1.34902677e-01]]
[[  2.30826662e-03   4.08574965e-13   2.27973486e-01]
 [  6.69178941e-02   2.87853143e-02   2.71955412e-09]
 [  1.94732313e-01   1.78737587e-07   3.70889299e-03]
 ..., 
 [  1.87455319e-03   2.52653178e-13   2.43139166e-01]
 [  9.09138815e-07   5.34085085e-20   2.70541629e-01]
 [  8.15984032e-03   8.62833219e-12   1.34902691e-01]]
[[  2.30826687e-03   4.08574947e-13   2.27973476e-01]
 [  6.69179013e-02   2.87853129e-02   2.71955399e-09]
 [  1.94732334e-01   1.78737579e-07   3.70889283e-03]
 ..., 
 [  1.87455340e-03   2.52653166e-13   2.43139155e-01]
 [  9.09138915e-07   5.34085060e-20   2.70541617e-01]
 [  8.15984121e-03   8.62833179e-12   1.34902685e-01]]
[[  2.30826677e-03   4.08574955e-13   2.27973480e-01]
 [  6.69178982e-02   2.87853135e-02   2.71955405e-09]
 [  1.94732325e-01   1.78737582e-07   3.70889290e-03]
 ..., 
 [  1.87455331e-03   2.52653171e-13   2.43139160e-01]
 [  9.09138872e-07   5.34085070e-20   2.70541622e-01]
 [  8.15984084e-03   8.62833196e-12   1.34902688e-01]]
[[  2.30826681e-03   4.08574951e-13   2.27973479e-01]
 [  6.69178996e-02   2.87853133e-02   2.71955402e-09]
 [  1.94732329e-01   1.78737581e-07   3.70889287e-03]
 ..., 
 [  1.87455335e-03   2.52653169e-13   2.43139158e-01]
 [  9.09138890e-07   5.34085066e-20   2.70541620e-01]
 [  8.15984100e-03   8.62833189e-12   1.34902687e-01]]
[[  2.30826679e-03   4.08574953e-13   2.27973479e-01]
 [  6.69178990e-02   2.87853134e-02   2.71955403e-09]
 [  1.94732327e-01   1.78737581e-07   3.70889288e-03]
 ..., 
 [  1.87455333e-03   2.52653170e-13   2.43139159e-01]
 [  9.09138883e-07   5.34085068e-20   2.70541621e-01]
 [  8.15984093e-03   8.62833192e-12   1.34902687e-01]]
[[  2.30826680e-03   4.08574952e-13   2.27973479e-01]
 [  6.69178992e-02   2.87853133e-02   2.71955403e-09]
 [  1.94732328e-01   1.78737581e-07   3.70889287e-03]
 ..., 
 [  1.87455334e-03   2.52653169e-13   2.43139158e-01]
 [  9.09138886e-07   5.34085067e-20   2.70541621e-01]
 [  8.15984096e-03   8.62833191e-12   1.34902687e-01]]
[[  2.30826680e-03   4.08574952e-13   2.27973479e-01]
 [  6.69178991e-02   2.87853133e-02   2.71955403e-09]
 [  1.94732327e-01   1.78737581e-07   3.70889288e-03]
 ..., 
 [  1.87455334e-03   2.52653170e-13   2.43139159e-01]
 [  9.09138885e-07   5.34085067e-20   2.70541621e-01]
 [  8.15984094e-03   8.62833191e-12   1.34902687e-01]]
[[  2.30826680e-03   4.08574952e-13   2.27973479e-01]
 [  6.69178992e-02   2.87853133e-02   2.71955403e-09]
 [  1.94732328e-01   1.78737581e-07   3.70889288e-03]
 ..., 
 [  1.87455334e-03   2.52653169e-13   2.43139159e-01]
 [  9.09138885e-07   5.34085067e-20   2.70541621e-01]
 [  8.15984095e-03   8.62833191e-12   1.34902687e-01]]
[[  2.30826680e-03   4.08574952e-13   2.27973479e-01]
 [  6.69178992e-02   2.87853133e-02   2.71955403e-09]
 [  1.94732328e-01   1.78737581e-07   3.70889288e-03]
 ..., 
 [  1.87455334e-03   2.52653170e-13   2.43139159e-01]
 [  9.09138885e-07   5.34085067e-20   2.70541621e-01]
 [  8.15984095e-03   8.62833191e-12   1.34902687e-01]]
[[  2.30826680e-03   4.08574952e-13   2.27973479e-01]
 [  6.69178992e-02   2.87853133e-02   2.71955403e-09]
 [  1.94732328e-01   1.78737581e-07   3.70889288e-03]
 ..., 
 [  1.87455334e-03   2.52653170e-13   2.43139159e-01]
 [  9.09138885e-07   5.34085067e-20   2.70541621e-01]
 [  8.15984095e-03   8.62833191e-12   1.34902687e-01]]
[[  2.30826680e-03   4.08574952e-13   2.27973479e-01]
 [  6.69178992e-02   2.87853133e-02   2.71955403e-09]
 [  1.94732328e-01   1.78737581e-07   3.70889288e-03]
 ..., 
 [  1.87455334e-03   2.52653170e-13   2.43139159e-01]
 [  9.09138885e-07   5.34085067e-20   2.70541621e-01]
 [  8.15984095e-03   8.62833191e-12   1.34902687e-01]]
[[  2.30826680e-03   4.08574952e-13   2.27973479e-01]
 [  6.69178992e-02   2.87853133e-02   2.71955403e-09]
 [  1.94732328e-01   1.78737581e-07   3.70889288e-03]
 ..., 
 [  1.87455334e-03   2.52653170e-13   2.43139159e-01]
 [  9.09138885e-07   5.34085067e-20   2.70541621e-01]
 [  8.15984095e-03   8.62833191e-12   1.34902687e-01]]
[[  2.30826680e-03   4.08574952e-13   2.27973479e-01]
 [  6.69178992e-02   2.87853133e-02   2.71955403e-09]
 [  1.94732328e-01   1.78737581e-07   3.70889288e-03]
 ..., 
 [  1.87455334e-03   2.52653170e-13   2.43139159e-01]
 [  9.09138885e-07   5.34085067e-20   2.70541621e-01]
 [  8.15984095e-03   8.62833191e-12   1.34902687e-01]]
[[  2.30826680e-03   4.08574952e-13   2.27973479e-01]
 [  6.69178992e-02   2.87853133e-02   2.71955403e-09]
 [  1.94732328e-01   1.78737581e-07   3.70889288e-03]
 ..., 
 [  1.87455334e-03   2.52653170e-13   2.43139159e-01]
 [  9.09138885e-07   5.34085067e-20   2.70541621e-01]
 [  8.15984095e-03   8.62833191e-12   1.34902687e-01]]
[[  2.30826680e-03   4.08574952e-13   2.27973479e-01]
 [  6.69178992e-02   2.87853133e-02   2.71955403e-09]
 [  1.94732328e-01   1.78737581e-07   3.70889288e-03]
 ..., 
 [  1.87455334e-03   2.52653170e-13   2.43139159e-01]
 [  9.09138885e-07   5.34085067e-20   2.70541621e-01]
 [  8.15984095e-03   8.62833191e-12   1.34902687e-01]]
[[  2.30826680e-03   4.08574952e-13   2.27973479e-01]
 [  6.69178992e-02   2.87853133e-02   2.71955403e-09]
 [  1.94732328e-01   1.78737581e-07   3.70889288e-03]
 ..., 
 [  1.87455334e-03   2.52653170e-13   2.43139159e-01]
 [  9.09138885e-07   5.34085067e-20   2.70541621e-01]
 [  8.15984095e-03   8.62833191e-12   1.34902687e-01]]
[[  2.30826680e-03   4.08574952e-13   2.27973479e-01]
 [  6.69178992e-02   2.87853133e-02   2.71955403e-09]
 [  1.94732328e-01   1.78737581e-07   3.70889288e-03]
 ..., 
 [  1.87455334e-03   2.52653170e-13   2.43139159e-01]
 [  9.09138885e-07   5.34085067e-20   2.70541621e-01]
 [  8.15984095e-03   8.62833191e-12   1.34902687e-01]]
[[  2.30826680e-03   4.08574952e-13   2.27973479e-01]
 [  6.69178992e-02   2.87853133e-02   2.71955403e-09]
 [  1.94732328e-01   1.78737581e-07   3.70889288e-03]
 ..., 
 [  1.87455334e-03   2.52653170e-13   2.43139159e-01]
 [  9.09138885e-07   5.34085067e-20   2.70541621e-01]
 [  8.15984095e-03   8.62833191e-12   1.34902687e-01]]
[[  2.30826680e-03   4.08574952e-13   2.27973479e-01]
 [  6.69178992e-02   2.87853133e-02   2.71955403e-09]
 [  1.94732328e-01   1.78737581e-07   3.70889288e-03]
 ..., 
 [  1.87455334e-03   2.52653170e-13   2.43139159e-01]
 [  9.09138885e-07   5.34085067e-20   2.70541621e-01]
 [  8.15984095e-03   8.62833191e-12   1.34902687e-01]]
[[  2.30826680e-03   4.08574952e-13   2.27973479e-01]
 [  6.69178992e-02   2.87853133e-02   2.71955403e-09]
 [  1.94732328e-01   1.78737581e-07   3.70889288e-03]
 ..., 
 [  1.87455334e-03   2.52653170e-13   2.43139159e-01]
 [  9.09138885e-07   5.34085067e-20   2.70541621e-01]
 [  8.15984095e-03   8.62833191e-12   1.34902687e-01]]
[[  2.30826680e-03   4.08574952e-13   2.27973479e-01]
 [  6.69178992e-02   2.87853133e-02   2.71955403e-09]
 [  1.94732328e-01   1.78737581e-07   3.70889288e-03]
 ..., 
 [  1.87455334e-03   2.52653170e-13   2.43139159e-01]
 [  9.09138885e-07   5.34085067e-20   2.70541621e-01]
 [  8.15984095e-03   8.62833191e-12   1.34902687e-01]]
[[  2.30826680e-03   4.08574952e-13   2.27973479e-01]
 [  6.69178992e-02   2.87853133e-02   2.71955403e-09]
 [  1.94732328e-01   1.78737581e-07   3.70889288e-03]
 ..., 
 [  1.87455334e-03   2.52653170e-13   2.43139159e-01]
 [  9.09138885e-07   5.34085067e-20   2.70541621e-01]
 [  8.15984095e-03   8.62833191e-12   1.34902687e-01]]
[[  2.30826680e-03   4.08574952e-13   2.27973479e-01]
 [  6.69178992e-02   2.87853133e-02   2.71955403e-09]
 [  1.94732328e-01   1.78737581e-07   3.70889288e-03]
 ..., 
 [  1.87455334e-03   2.52653170e-13   2.43139159e-01]
 [  9.09138885e-07   5.34085067e-20   2.70541621e-01]
 [  8.15984095e-03   8.62833191e-12   1.34902687e-01]]
[[  2.30826680e-03   4.08574952e-13   2.27973479e-01]
 [  6.69178992e-02   2.87853133e-02   2.71955403e-09]
 [  1.94732328e-01   1.78737581e-07   3.70889288e-03]
 ..., 
 [  1.87455334e-03   2.52653170e-13   2.43139159e-01]
 [  9.09138885e-07   5.34085067e-20   2.70541621e-01]
 [  8.15984095e-03   8.62833191e-12   1.34902687e-01]]
[[  2.30826680e-03   4.08574952e-13   2.27973479e-01]
 [  6.69178992e-02   2.87853133e-02   2.71955403e-09]
 [  1.94732328e-01   1.78737581e-07   3.70889288e-03]
 ..., 
 [  1.87455334e-03   2.52653170e-13   2.43139159e-01]
 [  9.09138885e-07   5.34085067e-20   2.70541621e-01]
 [  8.15984095e-03   8.62833191e-12   1.34902687e-01]]
[[  2.30826680e-03   4.08574952e-13   2.27973479e-01]
 [  6.69178992e-02   2.87853133e-02   2.71955403e-09]
 [  1.94732328e-01   1.78737581e-07   3.70889288e-03]
 ..., 
 [  1.87455334e-03   2.52653170e-13   2.43139159e-01]
 [  9.09138885e-07   5.34085067e-20   2.70541621e-01]
 [  8.15984095e-03   8.62833191e-12   1.34902687e-01]]
[[  2.30826680e-03   4.08574952e-13   2.27973479e-01]
 [  6.69178992e-02   2.87853133e-02   2.71955403e-09]
 [  1.94732328e-01   1.78737581e-07   3.70889288e-03]
 ..., 
 [  1.87455334e-03   2.52653170e-13   2.43139159e-01]
 [  9.09138885e-07   5.34085067e-20   2.70541621e-01]
 [  8.15984095e-03   8.62833191e-12   1.34902687e-01]]
[[  2.30826680e-03   4.08574952e-13   2.27973479e-01]
 [  6.69178992e-02   2.87853133e-02   2.71955403e-09]
 [  1.94732328e-01   1.78737581e-07   3.70889288e-03]
 ..., 
 [  1.87455334e-03   2.52653170e-13   2.43139159e-01]
 [  9.09138885e-07   5.34085067e-20   2.70541621e-01]
 [  8.15984095e-03   8.62833191e-12   1.34902687e-01]]
[[  2.30826680e-03   4.08574952e-13   2.27973479e-01]
 [  6.69178992e-02   2.87853133e-02   2.71955403e-09]
 [  1.94732328e-01   1.78737581e-07   3.70889288e-03]
 ..., 
 [  1.87455334e-03   2.52653170e-13   2.43139159e-01]
 [  9.09138885e-07   5.34085067e-20   2.70541621e-01]
 [  8.15984095e-03   8.62833191e-12   1.34902687e-01]]
[[  2.30826680e-03   4.08574952e-13   2.27973479e-01]
 [  6.69178992e-02   2.87853133e-02   2.71955403e-09]
 [  1.94732328e-01   1.78737581e-07   3.70889288e-03]
 ..., 
 [  1.87455334e-03   2.52653170e-13   2.43139159e-01]
 [  9.09138885e-07   5.34085067e-20   2.70541621e-01]
 [  8.15984095e-03   8.62833191e-12   1.34902687e-01]]
[[  2.30826680e-03   4.08574952e-13   2.27973479e-01]
 [  6.69178992e-02   2.87853133e-02   2.71955403e-09]
 [  1.94732328e-01   1.78737581e-07   3.70889288e-03]
 ..., 
 [  1.87455334e-03   2.52653170e-13   2.43139159e-01]
 [  9.09138885e-07   5.34085067e-20   2.70541621e-01]
 [  8.15984095e-03   8.62833191e-12   1.34902687e-01]]
[[  2.30826680e-03   4.08574952e-13   2.27973479e-01]
 [  6.69178992e-02   2.87853133e-02   2.71955403e-09]
 [  1.94732328e-01   1.78737581e-07   3.70889288e-03]
 ..., 
 [  1.87455334e-03   2.52653170e-13   2.43139159e-01]
 [  9.09138885e-07   5.34085067e-20   2.70541621e-01]
 [  8.15984095e-03   8.62833191e-12   1.34902687e-01]]
[[  2.30826680e-03   4.08574952e-13   2.27973479e-01]
 [  6.69178992e-02   2.87853133e-02   2.71955403e-09]
 [  1.94732328e-01   1.78737581e-07   3.70889288e-03]
 ..., 
 [  1.87455334e-03   2.52653170e-13   2.43139159e-01]
 [  9.09138885e-07   5.34085067e-20   2.70541621e-01]
 [  8.15984095e-03   8.62833191e-12   1.34902687e-01]]
[[  2.30826680e-03   4.08574952e-13   2.27973479e-01]
 [  6.69178992e-02   2.87853133e-02   2.71955403e-09]
 [  1.94732328e-01   1.78737581e-07   3.70889288e-03]
 ..., 
 [  1.87455334e-03   2.52653170e-13   2.43139159e-01]
 [  9.09138885e-07   5.34085067e-20   2.70541621e-01]
 [  8.15984095e-03   8.62833191e-12   1.34902687e-01]]
[[  2.30826680e-03   4.08574952e-13   2.27973479e-01]
 [  6.69178992e-02   2.87853133e-02   2.71955403e-09]
 [  1.94732328e-01   1.78737581e-07   3.70889288e-03]
 ..., 
 [  1.87455334e-03   2.52653170e-13   2.43139159e-01]
 [  9.09138885e-07   5.34085067e-20   2.70541621e-01]
 [  8.15984095e-03   8.62833191e-12   1.34902687e-01]]
[[  2.30826680e-03   4.08574952e-13   2.27973479e-01]
 [  6.69178992e-02   2.87853133e-02   2.71955403e-09]
 [  1.94732328e-01   1.78737581e-07   3.70889288e-03]
 ..., 
 [  1.87455334e-03   2.52653170e-13   2.43139159e-01]
 [  9.09138885e-07   5.34085067e-20   2.70541621e-01]
 [  8.15984095e-03   8.62833191e-12   1.34902687e-01]]
[[  2.30826680e-03   4.08574952e-13   2.27973479e-01]
 [  6.69178992e-02   2.87853133e-02   2.71955403e-09]
 [  1.94732328e-01   1.78737581e-07   3.70889288e-03]
 ..., 
 [  1.87455334e-03   2.52653170e-13   2.43139159e-01]
 [  9.09138885e-07   5.34085067e-20   2.70541621e-01]
 [  8.15984095e-03   8.62833191e-12   1.34902687e-01]]
#mu =  [ 0  3 -3]  mu_est =  [-0.0067363   3.06107278 -3.01968143]
#sigma =  [ 1.  1.  1.]  sigma_est =  [ 0.75424402  0.81138731  0.83548136]
#alpha =  [ 0.29399155  0.38311672  0.32289173]  alpha_est =  [ 0.2987988   0.37537538  0.32532533]
